  n  |attractor|  L  sampMax  tail(1)  tail(9)  max-n   max/n   max/(n*log2 n)   sqrt(2^n)
  2           3   1        1        1        1     -1   0.5000           0.5000     2.00e+0
  3           4   1        2        2        2     -1   0.6667           0.4206     2.83e+0
  4           6   2        2        2        2     -2   0.5000           0.2500     4.00e+0
  5           8   2        4        2        4     -1   0.8000           0.3445     5.66e+0
  6          10   2        5        2        5     -1   0.8333           0.3224     8.00e+0
  7          12   2        6        2        6     -1   0.8571           0.3053     1.13e+1
  8          14   2        8        2        8      0   1.0000           0.3333     1.60e+1
  9          18   4        8        2        8     -1   0.8889           0.2804     2.26e+1
 10          22   4       11        5       11      1   1.1000           0.3311     3.20e+1
 11          26   4       12        6       11      1   1.0909           0.3153     4.53e+1
 12          30   4       14        8       14      2   1.1667           0.3254     6.40e+1
 13          34   4       14        8       14      1   1.0769           0.2910     9.05e+1
 14          38   4       16       10       16      2   1.1429           0.3002     1.28e+2
 15          42   4       17       11       17      2   1.1333           0.2901     1.81e+2
 16          46   4       19       13       19      3   1.1875           0.2969     2.56e+2
 17          50   4       22       16       22      5   1.2941           0.3166     3.62e+2
 18          54   4       22       16       22      4   1.2222           0.2931     5.12e+2
 19          58   4       26       20       26      7   1.3684           0.3221     7.24e+2
 20          62   4       26       20       26      6   1.3000           0.3008     1.02e+3
 21          66   4       29       23       29      8   1.3810           0.3144     1.45e+3
 22          70   4       29       23       29      7   1.3182           0.2956     2.05e+3
 23          74   4       31       25       31      8   1.3478           0.2980     2.90e+3
 24          78   4       31       25       31      7   1.2917           0.2817     4.10e+3
 25          82   4       33       27       33      8   1.3200           0.2842     5.79e+3
 26          86   4       34       28       34      8   1.3077           0.2782     8.19e+3
 27          90   4       35       29       35      8   1.2963           0.2726     1.16e+4
 28          94   4       36       30       36      8   1.2857           0.2674     1.64e+4
 29          98   4       37       31       37      8   1.2759           0.2626     2.32e+4
 30         106   8       37       31       37      7   1.2333           0.2513     3.28e+4
 31         114   8       39       33       39      8   1.2581           0.2539     4.63e+4
 32         122   8       40       34       40      8   1.2500           0.2500     6.55e+4
 33         130   8       42       36       42      9   1.2727           0.2523     9.27e+4
 34         138   8       42       36       42      8   1.2353           0.2428     1.31e+5
 35         146   8       46       40       46     11   1.3143           0.2562     1.85e+5
 36         154   8       46       40       46     10   1.2778           0.2472     2.62e+5
 37         162   8       52       46       52     15   1.4054           0.2698     3.71e+5
 38         170   8       52       46       52     14   1.3684           0.2608     5.24e+5
 39         178   8       54       48       54     15   1.3846           0.2620     7.41e+5
 40         186   8       56       50       56     16   1.4000           0.2631     1.05e+6
 41         194   8       61       55       61     20   1.4878           0.2777     1.48e+6
 42         202   8       61       55       61     19   1.4524           0.2693     2.10e+6
 43         210   8       63       57       63     20   1.4651           0.2700     2.97e+6
 44         218   8       63       57       63     19   1.4318           0.2623     4.19e+6
 45         226   8       67       61       67     22   1.4889           0.2711     5.93e+6
 46         234   8       67       61       67     21   1.4565           0.2637     8.39e+6
 47         242   8       70       64       70     23   1.4894           0.2681     1.19e+7
 48         250   8       70       64       70     22   1.4583           0.2611     1.68e+7
 49         258   8       77       71       77     28   1.5714           0.2799     2.37e+7
 50         266   8       77       71       77     27   1.5400           0.2729     3.36e+7
 51         274   8       79       73       79     28   1.5490           0.2731     4.75e+7
 52         282   8       80       74       80     28   1.5385           0.2699     6.71e+7
 53         290   8       82       76       82     29   1.5472           0.2701     9.49e+7
 54         298   8       82       76       82     28   1.5185           0.2639     1.34e+8
 55         306   8       84       78       84     29   1.5273           0.2642     1.90e+8
 56         314   8       84       78       84     28   1.5000           0.2583     2.68e+8
 57         322   8       88       82       88     31   1.5439           0.2647     3.80e+8
 58         330   8       88       82       88     30   1.5172           0.2590     5.37e+8
 59         338   8       90       84       90     31   1.5254           0.2593     7.59e+8
 60         346   8       91       85       91     31   1.5167           0.2568      2^30.0
 61         354   8       92       86       92     31   1.5082           0.2543      2^30.5
 62         362   8       93       87       93     31   1.5000           0.2519      2^31.0
 63         370   8       93       87       93     30   1.4762           0.2470      2^31.5
 64         378   8       97       91       97     33   1.5156           0.2526      2^32.0
 65         386   8       97       91       97     32   1.4923           0.2478      2^32.5
 66         394   8       99       93       99     33   1.5000           0.2482      2^33.0
 67         402   8      100       94      100     33   1.4925           0.2460      2^33.5
 68         410   8      103       97      103     35   1.5147           0.2488      2^34.0
 69         418   8      103       97      103     34   1.4928           0.2444      2^34.5
 70         426   8      105       99      105     35   1.5000           0.2447      2^35.0
 71         434   8      105       99      105     34   1.4789           0.2405      2^35.5
 72         442   8      105       99      105     33   1.4583           0.2364      2^36.0
 73         450   8      106      100      106     33   1.4521           0.2346      2^36.5
 74         458   8      106      100      106     32   1.4324           0.2307      2^37.0
 75         466   8      108      102      108     33   1.4400           0.2312      2^37.5
 76         474   8      108      102      108     32   1.4211           0.2274      2^38.0
 77         482   8      110      104      110     33   1.4286           0.2280      2^38.5
 78         490   8      114      108      114     36   1.4615           0.2325      2^39.0
 79         498   8      114      108      114     35   1.4430           0.2289      2^39.5
 80         506   8      117      111      117     37   1.4625           0.2313      2^40.0
 81         514   8      117      111      117     36   1.4444           0.2278      2^40.5
 82         522   8      121      115      121     39   1.4756           0.2321      2^41.0
 83         530   8      121      115      121     38   1.4578           0.2287      2^41.5
 84         538   8      123      117      123     39   1.4643           0.2291      2^42.0
 85         546   8      123      117      123     38   1.4471           0.2258      2^42.5
 86         554   8      131      125      131     45   1.5233           0.2370      2^43.0
 87         562   8      131      125      131     44   1.5057           0.2337      2^43.5
 88         570   8      133      127      133     45   1.5114           0.2340      2^44.0
 89         578   8      133      127      133     44   1.4944           0.2308      2^44.5
 90         586   8      133      127      133     43   1.4778           0.2276      2^45.0
 91         594   8      133      127      133     42   1.4615           0.2246      2^45.5
 92         602   8      133      127      133     41   1.4457           0.2216      2^46.0
 93         610   8      133      127      133     40   1.4301           0.2187      2^46.5
 94         618   8      134      128      134     40   1.4255           0.2175      2^47.0
 95         626   8      136      130      136     41   1.4316           0.2179      2^47.5
 96         634   8      136      130      136     40   1.4167           0.2151      2^48.0
 97         642   8      136      130      136     39   1.4021           0.2124      2^48.5
 98         650   8      137      131      137     39   1.3980           0.2113      2^49.0
 99         658   8      138      132      138     39   1.3939           0.2103      2^49.5
100         666   8      139      133      139     39   1.3900           0.2092      2^50.0
101         674   8      140      134      140     39   1.3861           0.2082      2^50.5
102         682   8      143      137      143     41   1.4020           0.2101      2^51.0
103         690   8      143      137      143     40   1.3883           0.2076      2^51.5
104         698   8      147      141      147     43   1.4135           0.2110      2^52.0
105         706   8      147      141      147     42   1.4000           0.2085      2^52.5
106         714   8      153      147      153     47   1.4434           0.2145      2^53.0
107         722   8      153      147      153     46   1.4299           0.2121      2^53.5
108         730   8      157      151      157     49   1.4537           0.2152      2^54.0
109         738   8      157      151      157     48   1.4404           0.2128      2^54.5
110         746   8      159      153      159     49   1.4455           0.2132      2^55.0
111         754   8      160      154      160     49   1.4414           0.2122      2^55.5
112         762   8      161      155      161     49   1.4375           0.2112      2^56.0
113         770   8      162      156      162     49   1.4336           0.2102      2^56.5
114         778   8      164      158      164     50   1.4386           0.2105      2^57.0
115         786   8      164      158      164     49   1.4261           0.2083      2^57.5
116         794   8      168      162      168     52   1.4483           0.2112      2^58.0
117         802   8      168      162      168     51   1.4359           0.2090      2^58.5
118         810   8      170      164      170     52   1.4407           0.2093      2^59.0
119         818   8      170      164      170     51   1.4286           0.2072      2^59.5
120         826   8      172      166      172     52   1.4333           0.2075      2^60.0
121         834   8      172      166      172     51   1.4215           0.2055      2^60.5
122         842   8      172      166      172     50   1.4098           0.2034      2^61.0
123         850   8      172      166      172     49   1.3984           0.2014      2^61.5
124         858   8      172      166      172     48   1.3871           0.1995      2^62.0
125         866   8      173      167      173     48   1.3840           0.1987      2^62.5
126         874   8      173      167      173     47   1.3730           0.1968      2^63.0
127         882   8      175      169      175     48   1.3780           0.1972      2^63.5
128         890   8      175      169      175     47   1.3672           0.1953      2^64.0
129         898   8      177      171      177     48   1.3721           0.1957      2^64.5
130         906   8      177      171      177     47   1.3615           0.1939      2^65.0
131         914   8      177      171      177     46   1.3511           0.1921      2^65.5
132         922   8      178      172      178     46   1.3485           0.1914      2^66.0
133         930   8      178      172      178     45   1.3383           0.1897      2^66.5
134         938   8      181      175      181     47   1.3507           0.1912      2^67.0
135         946   8      181      175      181     46   1.3407           0.1895      2^67.5
136         954   8      184      178      184     48   1.3529           0.1909      2^68.0
137         962   8      184      178      184     47   1.3431           0.1892      2^68.5
138         970   8      186      180      186     48   1.3478           0.1896      2^69.0
139         978   8      186      180      186     47   1.3381           0.1880      2^69.5
140         986   8      188      180      188     48   1.3429           0.1884      2^70.0
141         994   8      188      181      188     47   1.3333           0.1868      2^70.5
142        1002   8      190      181      190     48   1.3380           0.1871      2^71.0
143        1010   8      190      183      190     47   1.3287           0.1856      2^71.5
144        1018   8      190      183      190     46   1.3194           0.1840      2^72.0
145        1026   8      191      185      191     46   1.3172           0.1835      2^72.5
146        1034   8      191      185      191     45   1.3082           0.1820      2^73.0
147        1042   8      193      185      193     46   1.3129           0.1824      2^73.5
148        1050   8      193      185      193     45   1.3041           0.1809      2^74.0
149        1058   8      195      187      195     46   1.3087           0.1813      2^74.5
150        1066   8      195      187      195     45   1.3000           0.1798      2^75.0
151        1074   8      199      189      199     48   1.3179           0.1821      2^75.5
152        1082   8      199      189      199     47   1.3092           0.1806      2^76.0
153        1090   8      201      191      201     48   1.3137           0.1810      2^76.5
154        1098   8      201      191      201     47   1.3052           0.1796      2^77.0
155        1106   8      201      193      201     46   1.2968           0.1782      2^77.5
156        1114   8      202      196      202     46   1.2949           0.1777      2^78.0
157        1122   8      203      197      203     46   1.2930           0.1773      2^78.5
158        1130   8      204      198      203     46   1.2911           0.1768      2^79.0
159        1138   8      205      199      205     46   1.2893           0.1763      2^79.5
160        1146   8      206      200      205     46   1.2875           0.1758      2^80.0
161        1154   8      207      201      207     46   1.2857           0.1754      2^80.5
162        1162   8      208      202      207     46   1.2840           0.1749      2^81.0
163        1170   8      208      202      207     45   1.2761           0.1736      2^81.5
164        1178   8      209      204      208     45   1.2744           0.1732      2^82.0
165        1186   8      210      204      209     45   1.2727           0.1728      2^82.5
166        1194   8      210      204      209     44   1.2651           0.1715      2^83.0
167        1202   8      210      204      209     43   1.2575           0.1703      2^83.5
168        1210   8      211      206      209     43   1.2560           0.1699      2^84.0
169        1218   8      213      206      210     44   1.2604           0.1703      2^84.5
170        1226   8      215      209      212     45   1.2647           0.1707      2^85.0
171        1234   8      215      209      212     44   1.2573           0.1695      2^85.5
172        1242   8      217      211      214     45   1.2616           0.1699      2^86.0
173        1250   8      218      212      214     45   1.2601           0.1695      2^86.5
174        1258   8      219      213      218     45   1.2586           0.1691      2^87.0
175        1266   8      221      215      218     46   1.2629           0.1695      2^87.5
176        1274   8      221      216      220     45   1.2557           0.1683      2^88.0
177        1282   8      224      218      221     47   1.2655           0.1695      2^88.5
178        1290   8      224      218      223     46   1.2584           0.1683      2^89.0
179        1298   8      227      221      224     48   1.2682           0.1695      2^89.5
180        1306   8      227      221      225     47   1.2611           0.1683      2^90.0
181        1314   8      234      228      226     53   1.2928           0.1724      2^90.5
182        1322   8      234      228      228     52   1.2857           0.1713      2^91.0
183        1330   8      236      230      228     53   1.2896           0.1716      2^91.5
184        1338   8      236      232      228     52   1.2826           0.1705      2^92.0
185        1346   8      238      232      229     53   1.2865           0.1708      2^92.5
186        1354   8      240      235      230     54   1.2903           0.1711      2^93.0
187        1362   8      241      235      230     54   1.2888           0.1708      2^93.5
188        1370   8      248      242      230     60   1.3191           0.1746      2^94.0
189        1378   8      248      242      230     59   1.3122           0.1735      2^94.5
190        1386   8      248      244      230     58   1.3053           0.1724      2^95.0
191        1394   8      251      246      231     60   1.3141           0.1734      2^95.5
192        1402   8      252      246      233     60   1.3125           0.1730      2^96.0
193        1410   8      254      248      238     61   1.3161           0.1733      2^96.5
194        1418   8      254      248      238     60   1.3093           0.1723      2^97.0
195        1426   8      256      250      240     61   1.3128           0.1726      2^97.5
196        1434   8      256      250      240     60   1.3061           0.1715      2^98.0
197        1442   8      256      253      243     59   1.2995           0.1705      2^98.5
198        1450   8      259      253      243     61   1.3081           0.1715      2^99.0
199        1458   8      259      255      245     60   1.3015           0.1704      2^99.5
200        1466   8      265      259      245     65   1.3250           0.1733     2^100.0
201        1474   8      265      259      247     64   1.3184           0.1723     2^100.5
202        1482   8      267      261      247     65   1.3218           0.1726     2^101.0
203        1490   8      267      261      251     64   1.3153           0.1716     2^101.5
204        1498   8      270      265      251     66   1.3235           0.1725     2^102.0
205        1506   8      271      265      253     66   1.3220           0.1721     2^102.5
206        1514   8      273      267      253     67   1.3252           0.1724     2^103.0
207        1522   8      274      270      256     67   1.3237           0.1721     2^103.5
208        1530   8      276      270      256     68   1.3269           0.1723     2^104.0
209        1538   8      279      273      260     70   1.3349           0.1732     2^104.5
210        1546   8      279      273      260     69   1.3286           0.1722     2^105.0
211        1554   8      283      277      263     72   1.3412           0.1737     2^105.5
212        1562   8      283      277      263     71   1.3349           0.1727     2^106.0
213        1570   8      285      279      265     72   1.3380           0.1730     2^106.5
214        1578   8      288      282      265     74   1.3458           0.1738     2^107.0
215        1586   8      288      282      270     73   1.3395           0.1729     2^107.5
216        1594   8      288      284      270     72   1.3333           0.1719     2^108.0
217        1602   8      290      284      272     73   1.3364           0.1722     2^108.5
218        1610   8      290      284      272     72   1.3303           0.1712     2^109.0
219        1618   8      290      284      275     71   1.3242           0.1703     2^109.5
220        1626   8      290      284      275     70   1.3182           0.1694     2^110.0
221        1634   8      291      285      277     70   1.3167           0.1691     2^110.5
222        1642   8      289      285      277     67   1.3018           0.1670     2^111.0
223        1650   8      290      285      280     67   1.3004           0.1667     2^111.5
224        1658   8      291      286      280     67   1.2991           0.1664     2^112.0
225        1666   8      292      287      282     67   1.2978           0.1661     2^112.5
226        1674   8      293      288      282     67   1.2965           0.1658     2^113.0
227        1682   8      294      289      282     67   1.2952           0.1655     2^113.5
228        1690   8      296      290      283     68   1.2982           0.1657     2^114.0
229        1698   8      297      291      283     68   1.2969           0.1654     2^114.5
230        1706   8      297      291      287     67   1.2913           0.1646     2^115.0
231        1714   8      296      291      287     65   1.2814           0.1632     2^115.5
232        1722   8      296      292      290     64   1.2759           0.1624     2^116.0
233        1730   8      299      293      291     66   1.2833           0.1632     2^116.5
234        1738   8      300      294      292     66   1.2821           0.1629     2^117.0
235        1746   8      300      294      292     65   1.2766           0.1621     2^117.5
236        1754   8      302      297      295     66   1.2797           0.1623     2^118.0
237        1762   8      303      297      295     66   1.2785           0.1621     2^118.5
238        1770   8      303      297      301     65   1.2731           0.1613     2^119.0
239        1778   8      304      297      304     65   1.2720           0.1610     2^119.5
240        1786   8      304      299      304     64   1.2667           0.1602     2^120.0
241        1794   8      312      299      312     71   1.2946           0.1636     2^120.5
242        1802   8      312      299      312     70   1.2893           0.1628     2^121.0
243        1810   8      314      300      314     71   1.2922           0.1631     2^121.5
244        1818   8      314      300      314     70   1.2869           0.1623     2^122.0
245        1826   8      317      303      317     72   1.2939           0.1630     2^122.5
246        1834   8      317      303      317     71   1.2886           0.1622     2^123.0
247        1842   8      320      306      320     73   1.2955           0.1630     2^123.5
248        1850   8      320      306      320     72   1.2903           0.1622     2^124.0
249        1858   8      323      309      323     74   1.2972           0.1630     2^124.5
250        1866   8      323      309      323     73   1.2920           0.1622     2^125.0
251        1874   8      325      311      325     74   1.2948           0.1624     2^125.5
252        1882   8      325      311      325     73   1.2897           0.1617     2^126.0
253        1890   8      328      314      328     75   1.2964           0.1624     2^126.5
254        1898   8      328      314      328     74   1.2913           0.1616     2^127.0
255        1906   8      331      317      331     76   1.2980           0.1624     2^127.5
256        1914   8      331      317      331     75   1.2930           0.1616     2^128.0
257        1922   8      333      319      333     76   1.2957           0.1619     2^128.5
258        1930   8      336      322      336     78   1.3023           0.1626     2^129.0
259        1938   8      337      323      337     78   1.3012           0.1623     2^129.5
260        1946   8      338      324      338     78   1.3000           0.1620     2^130.0
261        1954   8      338      324      338     77   1.2950           0.1613     2^130.5
262        1962   8      340      326      340     78   1.2977           0.1615     2^131.0
263        1970   8      341      327      341     78   1.2966           0.1613     2^131.5
264        1978   8      346      332      346     82   1.3106           0.1629     2^132.0
265        1986   8      346      332      346     81   1.3057           0.1622     2^132.5
266        1994   8      350      336      350     84   1.3158           0.1633     2^133.0
267        2002   8      351      337      351     84   1.3146           0.1631     2^133.5
268        2010   8      353      339      353     85   1.3172           0.1633     2^134.0
269        2018   8      355      341      355     86   1.3197           0.1635     2^134.5
270        2026   8      356      342      356     86   1.3185           0.1632     2^135.0
271        2034   8      357      343      357     86   1.3173           0.1630     2^135.5
272        2042   8      358      344      358     86   1.3162           0.1627     2^136.0
273        2050   8      360      346      360     87   1.3187           0.1629     2^136.5
274        2058   8      362      348      362     88   1.3212           0.1631     2^137.0
275        2066   8      366      352      366     91   1.3309           0.1642     2^137.5
276        2074   8      366      352      366     90   1.3261           0.1635     2^138.0
277        2082   8      370      356      370     93   1.3357           0.1646     2^138.5
278        2090   8      373      359      373     95   1.3417           0.1653     2^139.0
279        2098   8      379      365      379    100   1.3584           0.1672     2^139.5
280        2106   8      379      365      379     99   1.3536           0.1665     2^140.0
281        2114   8      384      370      384    103   1.3665           0.1680     2^140.5
282        2122   8      384      370      384    102   1.3617           0.1673     2^141.0
283        2130   8      386      372      386    103   1.3640           0.1675     2^141.5
284        2138   8      387      373      387    103   1.3627           0.1672     2^142.0
285        2146   8      388      374      388    103   1.3614           0.1669     2^142.5
286        2154   8      390      376      390    104   1.3636           0.1671     2^143.0
287        2162   8      391      377      391    104   1.3624           0.1669     2^143.5
288        2170   8      394      380      394    106   1.3681           0.1675     2^144.0
289        2178   8      396      382      396    107   1.3702           0.1676     2^144.5
290        2186   8      397      383      397    107   1.3690           0.1674     2^145.0
291        2194   8      399      385      399    108   1.3711           0.1675     2^145.5
292        2202   8      399      385      399    107   1.3664           0.1668     2^146.0
293        2210   8      399      385      399    106   1.3618           0.1662     2^146.5
294        2218   8      399      385      399    105   1.3571           0.1655     2^147.0
295        2226   8      399      385      399    104   1.3525           0.1649     2^147.5
296        2234   8      400      386      400    104   1.3514           0.1646     2^148.0
297        2242   8      400      386      400    103   1.3468           0.1640     2^148.5
298        2250   8      400      386      400    102   1.3423           0.1633     2^149.0
299        2258   8      401      387      401    102   1.3411           0.1631     2^149.5
300        2266   8      402      388      402    102   1.3400           0.1628     2^150.0
301        2274   8      403      389      403    102   1.3389           0.1626     2^150.5
302        2282   8      404      390      404    102   1.3377           0.1624     2^151.0
303        2290   8      405      391      405    102   1.3366           0.1622     2^151.5
304        2298   8      405      391      405    101   1.3322           0.1615     2^152.0
305        2306   8      408      394      408    103   1.3377           0.1621     2^152.5
306        2314   8      408      394      408    102   1.3333           0.1615     2^153.0
307        2322   8      410      396      410    103   1.3355           0.1616     2^153.5
308        2330   8      410      396      410    102   1.3312           0.1610     2^154.0
309        2338   8      410      396      410    101   1.3269           0.1604     2^154.5
310        2346   8      410      396      410    100   1.3226           0.1598     2^155.0
311        2354   8      410      396      410     99   1.3183           0.1592     2^155.5
312        2362   8      411      397      411     99   1.3173           0.1590     2^156.0
313        2370   8      412      398      412     99   1.3163           0.1588     2^156.5
314        2378   8      412      398      412     98   1.3121           0.1582     2^157.0
315        2386   8      414      398      414     99   1.3143           0.1584     2^157.5
316        2394   8      414      399      414     98   1.3101           0.1578     2^158.0
317        2402   8      417      400      417    100   1.3155           0.1583     2^158.5
318        2410   8      417      401      417     99   1.3113           0.1577     2^159.0
319        2418   8      417      402      417     98   1.3072           0.1572     2^159.5
320        2426   8      417      404      417     97   1.3031           0.1566     2^160.0
321        2434   8      417      404      417     96   1.2991           0.1560     2^160.5
322        2442   8      418      406      418     96   1.2981           0.1558     2^161.0
323        2450   8      418      406      418     95   1.2941           0.1553     2^161.5
324        2458   8      426      406      426    102   1.3148           0.1577     2^162.0
325        2466   8      426      406      426    101   1.3108           0.1571     2^162.5
326        2474   8      430      406      430    104   1.3190           0.1580     2^163.0
327        2482   8      430      406      430    103   1.3150           0.1574     2^163.5
328        2490   8      433      407      433    105   1.3201           0.1580     2^164.0
329        2498   8      433      407      433    104   1.3161           0.1574     2^164.5
330        2506   8      435      411      435    105   1.3182           0.1576     2^165.0
331        2514   8      435      411      435    104   1.3142           0.1570     2^165.5
332        2522   8      438      416      438    106   1.3193           0.1575     2^166.0
333        2530   8      438      416      438    105   1.3153           0.1570     2^166.5
334        2538   8      441      419      441    107   1.3204           0.1575     2^167.0
335        2546   8      441      419      441    106   1.3164           0.1569     2^167.5
336        2554   8      443      421      443    107   1.3185           0.1571     2^168.0
337        2562   8      443      421      443    106   1.3145           0.1566     2^168.5
338        2570   8      445      423      445    107   1.3166           0.1567     2^169.0
339        2578   8      445      423      445    106   1.3127           0.1562     2^169.5
340        2586   8      450      428      450    110   1.3235           0.1574     2^170.0
341        2594   8      450      428      450    109   1.3196           0.1568     2^170.5
342        2602   8      452      430      452    110   1.3216           0.1570     2^171.0
343        2610   8      453      431      453    110   1.3207           0.1568     2^171.5
344        2618   8      454      432      454    110   1.3198           0.1566     2^172.0
345        2626   8      454      432      454    109   1.3159           0.1561     2^172.5
346        2634   8      454      432      454    108   1.3121           0.1556     2^173.0
347        2642   8      454      432      454    107   1.3084           0.1550     2^173.5
348        2650   8      456      432      456    108   1.3103           0.1552     2^174.0
349        2658   8      456      434      456    107   1.3066           0.1547     2^174.5
350        2666   8      459      437      459    109   1.3114           0.1552     2^175.0
351        2674   8      459      437      459    108   1.3077           0.1547     2^175.5
352        2682   8      462      440      462    110   1.3125           0.1552     2^176.0
353        2690   8      465      443      465    112   1.3173           0.1556     2^176.5
354        2698   8      465      443      465    111   1.3136           0.1551     2^177.0
355        2706   8      468      446      468    113   1.3183           0.1556     2^177.5
356        2714   8      468      446      468    112   1.3146           0.1551     2^178.0
357        2722   8      473      451      473    116   1.3249           0.1562     2^178.5
358        2730   8      473      451      473    115   1.3212           0.1557     2^179.0
359        2738   8      479      457      479    120   1.3343           0.1572     2^179.5
360        2746   8      479      457      479    119   1.3306           0.1567     2^180.0
361        2754   8      482      460      482    121   1.3352           0.1572     2^180.5
362        2762   8      482      460      482    120   1.3315           0.1566     2^181.0
363        2770   8      486      464      486    123   1.3388           0.1574     2^181.5
364        2778   8      486      464      486    122   1.3352           0.1569     2^182.0
365        2786   8      489      467      489    124   1.3397           0.1574     2^182.5
366        2794   8      489      467      489    123   1.3361           0.1569     2^183.0
367        2802   8      491      469      491    124   1.3379           0.1570     2^183.5
368        2810   8      494      472      494    126   1.3424           0.1575     2^184.0
369        2818   8      494      472      494    125   1.3388           0.1570     2^184.5
370        2826   8      496      474      496    126   1.3405           0.1571     2^185.0
371        2834   8      496      474      496    125   1.3369           0.1566     2^185.5
372        2842   8      496      474      496    124   1.3333           0.1561     2^186.0
373        2850   8      497      475      497    124   1.3324           0.1560     2^186.5
374        2858   8      498      476      498    124   1.3316           0.1558     2^187.0
375        2866   8      501      479      501    126   1.3360           0.1562     2^187.5
376        2874   8      501      479      501    125   1.3324           0.1558     2^188.0
377        2882   8      503      481      503    126   1.3342           0.1559     2^188.5
378        2890   8      503      481      503    125   1.3307           0.1554     2^189.0
379        2898   8      503      481      503    124   1.3272           0.1549     2^189.5
380        2906   8      503      481      503    123   1.3237           0.1545     2^190.0
381        2914   8      503      481      503    122   1.3202           0.1540     2^190.5
382        2922   8      505      483      505    123   1.3220           0.1541     2^191.0
383        2930   8      507      485      507    124   1.3238           0.1543     2^191.5
384        2938   8      509      487      509    125   1.3255           0.1544     2^192.0
385        2946   8      509      487      509    124   1.3221           0.1539     2^192.5
386        2954   8      512      490      512    126   1.3264           0.1544     2^193.0
387        2962   8      512      490      512    125   1.3230           0.1539     2^193.5
388        2970   8      514      492      514    126   1.3247           0.1540     2^194.0
389        2978   8      514      492      514    125   1.3213           0.1536     2^194.5
390        2986   8      516      494      516    126   1.3231           0.1537     2^195.0
391        2994   8      516      494      516    125   1.3197           0.1533     2^195.5
392        3002   8      516      494      516    124   1.3163           0.1528     2^196.0
393        3010   8      516      494      516    123   1.3130           0.1523     2^196.5
394        3018   8      516      494      516    122   1.3096           0.1519     2^197.0
395        3026   8      516      494      516    121   1.3063           0.1514     2^197.5
396        3034   8      517      495      517    121   1.3056           0.1513     2^198.0
397        3042   8      518      496      518    121   1.3048           0.1511     2^198.5
398        3050   8      518      496      518    120   1.3015           0.1507     2^199.0
399        3058   8      523      501      523    124   1.3108           0.1517     2^199.5
400        3066   8      523      501      523    123   1.3075           0.1513     2^200.0
401        3082  16      523      501      523    122   1.3042           0.1508     2^200.5
402        3098  16      523      501      523    121   1.3010           0.1504     2^201.0
403        3114  16      523      501      523    120   1.2978           0.1500     2^201.5
404        3130  16      524      502      524    120   1.2970           0.1498     2^202.0
405        3146  16      524      502      524    119   1.2938           0.1494     2^202.5
406        3162  16      527      505      527    121   1.2980           0.1498     2^203.0
407        3178  16      527      505      527    120   1.2948           0.1494     2^203.5
408        3194  16      529      507      529    121   1.2966           0.1495     2^204.0
409        3210  16      529      507      529    120   1.2934           0.1491     2^204.5
410        3226  16      531      509      531    121   1.2951           0.1492     2^205.0
411        3242  16      531      509      531    120   1.2920           0.1488     2^205.5
412        3258  16      533      511      533    121   1.2937           0.1489     2^206.0
413        3274  16      535      513      535    122   1.2954           0.1491     2^206.5
414        3290  16      537      515      537    123   1.2971           0.1492     2^207.0
415        3306  16      538      516      538    123   1.2964           0.1491     2^207.5
416        3322  16      539      517      539    123   1.2957           0.1489     2^208.0
417        3338  16      541      519      541    124   1.2974           0.1491     2^208.5
418        3354  16      541      519      541    123   1.2943           0.1486     2^209.0
419        3370  16      543      521      543    124   1.2959           0.1488     2^209.5
420        3386  16      543      521      543    123   1.2929           0.1484     2^210.0
fit n=8..32: maxTail ~ 1.3946 n + -2.85   ratio min 0.889 max 1.381 last 1.250
fit n=33..64: maxTail ~ 1.7762 n + -14.61   ratio min 1.235 max 1.571 last 1.516
fit n=65..128: maxTail ~ 1.3095 n + 12.12   ratio min 1.367 max 1.523 last 1.367
fit n=129..256: maxTail ~ 1.2720 n + 5.66   ratio min 1.256 max 1.372 last 1.293
fit n=257..420: maxTail ~ 1.2591 n + 20.92   ratio min 1.292 max 1.371 last 1.293
fit n=210..420: maxTail ~ 1.3135 n + 1.21   ratio min 1.267 max 1.371 last 1.293
