8 8
9 8
10 11
11 12
12 14
13 14
14 16
15 17
16 19
17 22
18 22
19 26
20 26
21 29
22 29
23 31
24 31
25 33
26 34
27 35
28 36
29 37
30 37
31 39
32 40
33 42
34 42
35 46
36 46
37 52
38 52
39 54
40 56
41 61
42 61
43 63
44 63
45 67
46 67
47 70
48 70
49 77
50 77
51 79
52 80
53 82
54 82
55 84
56 84
57 88
58 88
59 90
60 91
61 92
62 93
63 93
64 97
65 97
66 99
67 100
68 103
69 103
70 105
71 105
72 105
73 106
74 106
75 108
76 108
77 110
78 114
79 114
80 117
81 117
82 121
83 121
84 123
85 123
86 131
87 131
88 133
89 133
90 133
91 133
92 133
93 133
94 134
95 136
96 136
97 136
98 137
99 138
100 139
101 140
102 143
103 143
104 147
105 147
106 153
107 153
108 157
109 157
110 159
111 160
112 161
113 162
114 164
115 164
116 168
117 168
118 170
119 170
120 172
121 172
122 172
123 172
124 172
125 173
126 173
127 175
128 175
129 177
130 177
131 177
132 178
133 178
134 181
135 181
136 184
137 184
138 186
139 186
140 188
141 188
142 190
143 190
144 190
145 191
146 191
147 193
148 193
149 195
150 195
151 199
152 199
153 201
154 201
155 201
156 202
157 203
158 204
159 205
160 206
161 207
162 208
163 208
164 209
165 210
166 210
167 210
168 211
169 213
170 215
171 215
172 217
173 218
174 219
175 221
176 221
177 224
178 224
179 227
180 227
181 234
182 234
183 236
184 236
185 238
186 240
187 241
188 248
189 248
190 248
191 251
192 252
193 254
194 254
195 256
196 256
197 256
198 259
199 259
200 265
201 265
202 267
203 267
204 270
205 271
206 273
207 274
208 276
209 279
210 279
211 283
212 283
213 285
214 288
215 288
216 288
217 290
218 290
219 290
220 290
221 291
222 289
223 290
224 291
225 292
226 293
227 294
228 296
229 297
230 297
231 296
232 296
233 299
234 300
235 300
236 302
237 303
238 303
239 304
240 304
241 312
242 312
243 314
244 314
245 317
246 317
247 320
248 320
249 323
250 323
251 325
252 325
253 328
254 328
255 331
256 331
257 333
258 336
259 337
260 338
261 338
262 340
263 341
264 346
265 346
266 350
267 351
268 353
269 355
270 356
271 357
272 358
273 360
274 362
275 366
276 366
277 370
278 373
279 379
280 379
281 384
282 384
283 386
284 387
285 388
286 390
287 391
288 394
289 396
290 397
291 399
292 399
293 399
294 399
295 399
296 400
297 400
298 400
299 401
300 402
301 403
302 404
303 405
304 405
305 408
306 408
307 410
308 410
309 410
310 410
311 410
312 411
313 412
314 412
315 414
316 414
317 417
318 417
319 417
320 417
321 417
322 418
323 418
324 426
325 426
326 430
327 430
328 433
329 433
330 435
331 435
332 438
333 438
334 441
335 441
336 443
337 443
338 445
339 445
340 450
341 450
342 452
343 453
344 454
345 454
346 454
347 454
348 456
349 456
350 459
351 459
352 462
353 465
354 465
355 468
356 468
357 473
358 473
359 479
360 479
361 482
362 482
363 486
364 486
365 489
366 489
367 491
368 494
369 494
370 496
371 496
372 496
373 497
374 498
375 501
376 501
377 503
378 503
379 503
380 503
381 503
382 505
383 507
384 509
385 509
386 512
387 512
388 514
389 514
390 516
391 516
392 516
393 516
394 516
395 516
396 517
397 518
398 518
399 523
400 523
401 523
402 523
403 523
404 524
405 524
406 527
407 527
408 529
409 529
410 531
411 531
412 533
413 535
414 537
415 538
416 539
417 541
418 541
419 543
420 543
