1 1 0
18 2 1
1 1278 2
12 1 3
18 1 4
16 4 5
8 3648 6
12 2 7
2 1 8
45 4 9
1 7921 10
9 38 11
18 1 12
17 2 13
9 476 14
9 1 15
9 1 16
34 2 17
24 1023 18
17 2 19
18 1 20
32 36 21
35 564 22
17 2 23
10 1 24
40 8 25
11 38933 26
12 96 27
18 1 28
18 2 29
22 54 30
11 2 31
9 1 32
18 2 33
1 6765 34
12 114 35
18 1 36
33 10 37
2 16854 38
12 64 39
12 1 40
29 172 41
1 66012 42
9 4181 43
18 1 44
22 16 45
2 1278 46
9 27 47
9 1 48
34 2 49
17 19 50
18 1 51
10 1 52
32 4 53
19 154 54
17 2 55
12 1 56
19 4 57
11 613 58
12 151 59
18 1 60
31 2 61
17 19 62
12 1 63
2 1 64
17 500 65
2 1278 66
15 1 67
18 1 68
17 36 69
17 36 70
17 2 71
18 1 72
37 4 73
9 6923 74
23 29 75
18 1 76
18 2 77
16 35 78
16 2 79
9 1 80
10 5168 81
19 1023 82
31 2 83
18 1 84
0 262144 85
0 262144 86
31 34 87
18 1 88
0 262144 89
0 262144 90
29 50 91
18 1 92
18 2 93
26 1265 94
15 4 95
9 1 96
25 578 97
9 6765 98
12 114 99
18 1 100
0 262144 101
0 262144 102
39 8 103
18 1 104
0 262144 105
0 262144 106
26 1183 107
18 1 108
33 4 109
35 205 110
40 4 111
9 1 112
10 5168 113
13 19 114
18 1 115
10 1 116
9 8362 117
22 66 118
33 2 119
13 1 120
44 56 121
23 2036 122
17 18 123
18 1 124
17 190 125
24 1023 126
17 2 127
9 1 128
27 512 129
9 1278 130
18 1 131
18 1 132
30 590 133
9 3648 134
25 4 135
18 1 136
42 16 137
1 31572 138
2 872 139
18 1 140
18 2 141
9 6765 142
9 250 143
9 1 144
23 4 145
24 1023 146
21 16 147
18 1 148
0 262144 149
0 262144 150
47 32 151
18 1 152
0 262144 153
0 262144 154
2 9938 155
18 1 156
18 2 157
9 4351 158
9 1536 159
9 1 160
27 512 161
9 6765 162
12 114 163
18 1 164
0 262144 165
0 262144 166
12 19136 167
18 1 168
0 262144 169
0 262144 170
1 35890 171
18 1 172
9 2158 173
1 23833 174
1 3025 175
9 1 176
21 4 177
17 19 178
18 1 179
10 1 180
17 8 181
23 1534 182
24 512 183
18 1 184
41 4 185
8 10945 186
1 4181 187
18 1 188
4 554 189
9 1872 190
1 595 191
9 1 192
30 2 193
9 1278 194
18 1 195
18 1 196
18 4 197
17 36 198
18 2 199
18 1 200
17 4 201
16 2149 202
17 7 203
18 1 204
18 2 205
17 19 206
17 1 207
9 1 208
10 2 209
9 1023 210
9 2 211
18 1 212
9 8362 213
17 1310 214
17 362 215
18 1 216
19 4 217
16 2538 218
17 3 219
18 1 220
18 2 221
17 19 222
17 1 223
9 1 224
26 4 225
9 6765 226
10 114 227
18 1 228
20 8 229
17 36 230
10 2 231
18 1 232
18 4 233
16 10945 234
12 264 235
18 1 236
17 2 237
17 19 238
2 1 239
9 1 240
10 2 241
9 19 242
10 1 243
10 1 244
9 4 245
9 36 246
9 2 247
18 1 248
11 4 249
8 100 250
9 10 251
18 1 252
2 2 253
9 19 254
1 1 255
